-0.231 0.193 -0.462 0.383 -0.693 0.571
-0.233 0.19 -0.467 0.377 -0.7 0.562
-0.236 0.187 -0.472 0.371 -0.707 0.553
-0.238 0.184 -0.476 0.365 -0.714 0.544
-0.24 0.181 -0.481 0.359 -0.721 0.535
-0.243 0.178 -0.486 0.353 -0.728 0.526
-0.245 0.174 -0.49 0.346 -0.735 0.516
-0.247 0.171 -0.495 0.34 -0.742 0.506
-0.25 0.168 -0.499 0.333 -0.749 0.495
-0.252 0.164 -0.504 0.326 -0.756 0.485
-0.254 0.161 -0.509 0.319 -0.763 0.474
-0.257 0.157 -0.513 0.311 -0.769 0.463
-0.259 0.153 -0.518 0.304 -0.776 0.452
-0.261 0.149 -0.522 0.296 -0.783 0.44
-0.263 0.145 -0.527 0.288 -0.789 0.428
-0.266 0.141 -0.531 0.28 -0.796 0.416
-0.268 0.137 -0.535 0.272 -0.802 0.403
-0.27 0.133 -0.539 0.263 -0.809 0.391
-0.272 0.129 -0.544 0.255 -0.815 0.378
-0.274 0.124 -0.548 0.246 -0.821 0.364
-0.276 0.12 -0.552 0.237 -0.827 0.351
-0.278 0.115 -0.555 0.227 -0.832 0.337
-0.28 0.11 -0.559 0.218 -0.838 0.323
-0.282 0.106 -0.563 0.208 -0.843 0.308
-0.283 0.101 -0.566 0.199 -0.849 0.293
-0.285 0.096 -0.57 0.189 -0.854 0.278
-0.287 0.091 -0.573 0.178 -0.859 0.263
-0.288 0.086 -0.576 0.168 -0.863 0.248
-0.29 0.08 -0.579 0.158 -0.868 0.232
-0.291 0.075 -0.582 0.147 -0.872 0.216
-0.293 0.07 -0.585 0.136 -0.876 0.2
-0.294 0.064 -0.587 0.125 -0.879 0.183
-0.295 0.059 -0.589 0.114 -0.882 0.167
-0.296 0.053 -0.591 0.103 -0.885 0.15
-0.297 0.047 -0.593 0.092 -0.888 0.133
-0.298 0.042 -0.595 0.08 -0.891 0.115
-0.299 0.036 -0.596 0.068 -0.893 0.098
-0.299 0.03 -0.598 0.057 -0.894 0.08
-0.3 0.024 -0.599 0.045 -0.896 0.062
-0.3 0.018 -0.599 0.033 -0.897 0.044
-0.301 0.012 -0.6 0.02 -0.898 0.026
-0.301 0.006 -0.6 0.008 -0.898 0.008
-0.301 -0.001 -0.6 -0.004 -0.898 -0.011
-0.301 -0.007 -0.6 -0.017 -0.898 -0.029
-0.301 -0.013 -0.6 -0.029 -0.897 -0.048
-0.3 -0.019 -0.599 -0.042 -0.896 -0.067
-0.3 -0.026 -0.598 -0.054 -0.894 -0.086
-0.299 -0.032 -0.597 -0.067 -0.892 -0.105
-0.299 -0.039 -0.595 -0.08 -0.889 -0.125
-0.298 -0.045 -0.593 -0.093 -0.886 -0.144
-0.004 0 -0.008 0 -0.012 0
-0.004 0 -0.008 0 -0.012 0.001
-0.004 0 -0.008 0.001 -0.012 0.001
-0.004 0 -0.008 0.001 -0.012 0.001
-0.004 0 -0.008 0.001 -0.012 0.002
-0.004 0.001 -0.008 0.001 -0.012 0.002
-0.004 0.001 -0.008 0.002 -0.012 0.002
-0.004 0.001 -0.008 0.002 -0.011 0.003
-0.004 0.001 -0.008 0.002 -0.011 0.003
-0.004 0.001 -0.008 0.002 -0.011 0.003
-0.004 0.001 -0.007 0.002 -0.011 0.004
-0.004 0.001 -0.007 0.003 -0.011 0.004
-0.004 0.001 -0.007 0.003 -0.011 0.005
-0.004 0.002 -0.007 0.003 -0.011 0.005
-0.004 0.002 -0.007 0.003 -0.011 0.005
-0.003 0.002 -0.007 0.004 -0.01 0.006
-0.003 0.002 -0.007 0.004 -0.01 0.006
-0.003 0.002 -0.007 0.004 -0.01 0.006
-0.003 0.002 -0.007 0.004 -0.01 0.006
-0.003 0.002 -0.006 0.004 -0.01 0.007
-0.003 0.002 -0.006 0.005 -0.009 0.007
-0.003 0.002 -0.006 0.005 -0.009 0.007
-0.003 0.003 -0.006 0.005 -0.009 0.008
-0.003 0.003 -0.006 0.005 -0.009 0.008
-0.003 0.003 -0.006 0.005 -0.008 0.008
-0.003 0.003 -0.006 0.006 -0.008 0.008
-0.003 0.003 -0.005 0.006 -0.008 0.009
-0.003 0.003 -0.005 0.006 -0.008 0.009
-0.003 0.003 -0.005 0.006 -0.007 0.009
-0.002 0.003 -0.005 0.006 -0.007 0.009
-0.002 0.003 -0.005 0.006 -0.007 0.01
-0.002 0.003 -0.004 0.007 -0.006 0.01
-0.002 0.003 -0.004 0.007 -0.006 0.01
-0.002 0.003 -0.004 0.007 -0.006 0.01
-0.002 0.003 -0.004 0.007 -0.006 0.01
-0.002 0.003 -0.004 0.007 -0.005 0.011
-0.002 0.004 -0.003 0.007 -0.005 0.011
-0.002 0.004 -0.003 0.007 -0.005 0.011
-0.001 0.004 -0.003 0.007 -0.004 0.011
-0.001 0.004 -0.003 0.007 -0.004 0.011
-0.001 0.004 -0.002 0.007 -0.003 0.011
-0.001 0.004 -0.002 0.008 -0.003 0.011
-0.001 0.004 -0.002 0.008 -0.003 0.011
-0.001 0.004 -0.002 0.008 -0.002 0.012
-0.001 0.004 -0.001 0.008 -0.002 0.012
-0.001 0.004 -0.001 0.008 -0.002 0.012
-0 0.004 -0.001 0.008 -0.001 0.012
-0 0.004 -0.001 0.008 -0.001 0.012
-0 0.004 -0 0.008 -0.001 0.012
-0 0.004 -0 0.008 -0 0.012
0 0.004 0 0.008 0 0.012
0 0.004 0 0.008 0.001 0.012
0 0.004 0.001 0.008 0.001 0.012
0 0.004 0.001 0.008 0.001 0.012
0 0.004 0.001 0.008 0.002 0.012
0.001 0.004 0.001 0.008 0.002 0.012
0.001 0.004 0.002 0.008 0.002 0.012
0.001 0.004 0.002 0.008 0.003 0.011
0.001 0.004 0.002 0.008 0.003 0.011
0.001 0.004 0.002 0.008 0.003 0.011
0.001 0.004 0.002 0.007 0.004 0.011
0.001 0.004 0.003 0.007 0.004 0.011
0.001 0.004 0.003 0.007 0.005 0.011
0.002 0.004 0.003 0.007 0.005 0.011
0.002 0.004 0.003 0.007 0.005 0.011
0.002 0.003 0.004 0.007 0.006 0.01
0.002 0.003 0.004 0.007 0.006 0.01
0.002 0.003 0.004 0.007 0.006 0.01
0.002 0.003 0.004 0.007 0.006 0.01
0.002 0.003 0.004 0.006 0.007 0.01
0.002 0.003 0.005 0.006 0.007 0.009
0.002 0.003 0.005 0.006 0.007 0.009
0.003 0.003 0.005 0.006 0.008 0.009
0.003 0.003 0.005 0.006 0.008 0.009
0.003 0.003 0.005 0.006 0.008 0.008
0.003 0.003 0.006 0.006 0.008 0.008
0.003 0.003 0.006 0.005 0.009 0.008
0.003 0.003 0.006 0.005 0.009 0.008
0.003 0.003 0.006 0.005 0.009 0.007
0.003 0.002 0.006 0.005 0.009 0.007
0.003 0.002 0.006 0.005 0.01 0.007
0.003 0.002 0.007 0.004 0.01 0.006
0.003 0.002 0.007 0.004 0.01 0.006
0.003 0.002 0.007 0.004 0.01 0.006
0.003 0.002 0.007 0.004 0.01 0.006
0.003 0.002 0.007 0.004 0.011 0.005
0.004 0.002 0.007 0.003 0.011 0.005
0.004 0.002 0.007 0.003 0.011 0.005
0.004 0.001 0.007 0.003 0.011 0.004
0.004 0.001 0.007 0.003 0.011 0.004
0.004 0.001 0.007 0.002 0.011 0.003
0.004 0.001 0.008 0.002 0.011 0.003
0.004 0.001 0.008 0.002 0.011 0.003
0.004 0.001 0.008 0.002 0.012 0.002
0.004 0.001 0.008 0.001 0.012 0.002
0.004 0.001 0.008 0.001 0.012 0.002
0.004 0 0.008 0.001 0.012 0.001
0.004 0 0.008 0.001 0.012 0.001
0.004 0 0.008 0 0.012 0.001
0.004 0 0.008 0 0.012 0
0.286 0.051 0.572 0.1 0.857 0.146
0.287 0.047 0.573 0.091 0.859 0.133
0.288 0.042 0.575 0.082 0.861 0.119
0.288 0.037 0.576 0.072 0.863 0.105
0.289 0.033 0.577 0.063 0.865 0.09
0.289 0.028 0.578 0.053 0.866 0.075
0.29 0.023 0.579 0.043 0.867 0.061
0.29 0.018 0.579 0.033 0.868 0.045
0.29 0.013 0.58 0.023 0.869 0.03
0.29 0.008 0.58 0.012 0.869 0.015
0.29 0.002 0.58 0.002 0.869 -0.001
0.29 -0.003 0.58 -0.008 0.869 -0.016
0.29 -0.008 0.579 -0.019 0.869 -0.032
0.29 -0.013 0.579 -0.029 0.868 -0.047
0.289 -0.018 0.578 -0.039 0.867 -0.063
0.289 -0.024 0.577 -0.05 0.866 -0.078
0.288 -0.029 0.576 -0.06 0.864 -0.094
0.288 -0.034 0.575 -0.07 0.863 -0.109
0.287 -0.039 0.574 -0.08 0.861 -0.124
0.286 -0.044 0.572 -0.09 0.858 -0.138
0.285 -0.048 0.57 -0.099 0.856 -0.153
0.284 -0.053 0.569 -0.109 0.853 -0.167
0.283 -0.058 0.567 -0.118 0.85 -0.181
0.282 -0.062 0.565 -0.127 0.847 -0.195
0.281 -0.067 0.563 -0.136 0.844 -0.208
0.28 -0.071 0.56 -0.145 0.841 -0.221
0.279 -0.075 0.558 -0.153 0.837 -0.233
0.278 -0.08 0.556 -0.161 0.834 -0.246
0.276 -0.084 0.553 -0.169 0.83 -0.257
0.275 -0.087 0.551 -0.177 0.827 -0.269
0.274 -0.091 0.548 -0.184 0.823 -0.28
0.273 -0.095 0.546 -0.192 0.819 -0.291
0.271 -0.098 0.543 -0.199 0.816 -0.301
0.27 -0.102 0.541 -0.205 0.812 -0.311
0.269 -0.105 0.538 -0.212 0.808 -0.321
0.268 -0.108 0.536 -0.218 0.804 -0.33
0.266 -0.111 0.533 -0.224 0.801 -0.339
0.265 -0.114 0.531 -0.23 0.797 -0.347
0.264 -0.117 0.528 -0.235 0.793 -0.355
0.263 -0.119 0.526 -0.24 0.79 -0.363
0.262 -0.122 0.524 -0.245 0.786 -0.371
0.26 -0.124 0.521 -0.25 0.783 -0.378
0.259 -0.127 0.519 -0.255 0.78 -0.385
0.258 -0.129 0.517 -0.259 0.776 -0.392
0.257 -0.131 0.515 -0.264 0.773 -0.398
0.256 -0.133 0.512 -0.268 0.77 -0.404
0.255 -0.135 0.51 -0.272 0.767 -0.41
0.254 -0.137 0.508 -0.276 0.764 -0.416
0.253 -0.139 0.506 -0.279 0.761 -0.421
0.252 -0.141 0.505 -0.283 0.758 -0.426
0.261 0.144 0.522 0.285 0.784 0.424
0.263 0.14 0.526 0.277 0.79 0.412
0.265 0.135 0.531 0.268 0.797 0.399
0.267 0.131 0.535 0.259 0.804 0.385
0.269 0.126 0.539 0.249 0.811 0.37
0.271 0.121 0.544 0.239 0.817 0.355
0.273 0.115 0.548 0.228 0.824 0.339
0.275 0.11 0.552 0.217 0.831 0.322
0.277 0.104 0.556 0.205 0.838 0.304
0.279 0.098 0.56 0.194 0.844 0.287
0.281 0.092 0.564 0.182 0.85 0.269
0.282 0.086 0.567 0.17 0.855 0.251
0.284 0.08 0.571 0.158 0.86 0.233
0.285 0.074 0.573 0.146 0.865 0.216
0.287 0.069 0.576 0.135 0.869 0.199
0.288 0.063 0.578 0.124 0.872 0.182
0.289 0.057 0.581 0.113 0.876 0.166
0.29 0.052 0.582 0.102 0.878 0.15
0.29 0.047 0.584 0.092 0.881 0.135
0.291 0.042 0.585 0.082 0.883 0.12
0.292 0.037 0.587 0.073 0.885 0.107
0.292 0.033 0.588 0.064 0.886 0.093
0.293 0.029 0.588 0.056 0.887 0.081
0.293 0.025 0.589 0.048 0.889 0.069
0.293 0.021 0.59 0.04 0.889 0.057
0.293 0.017 0.59 0.033 0.89 0.047
0.294 0.014 0.59 0.026 0.89 0.037
0.294 0.01 0.591 0.019 0.891 0.027
0.294 0.007 0.591 0.013 0.891 0.018
0.294 0.004 0.591 0.008 0.891 0.009
0.294 0.002 0.591 0.002 0.891 0.001
0.294 -0.001 0.591 -0.003 0.891 -0.007
0.294 -0.003 0.591 -0.008 0.891 -0.014
0.294 -0.006 0.591 -0.013 0.891 -0.021
0.294 -0.008 0.591 -0.017 0.891 -0.027
0.294 -0.01 0.591 -0.021 0.891 -0.033
0.294 -0.012 0.591 -0.025 0.89 -0.039
0.294 -0.014 0.591 -0.029 0.89 -0.045
0.294 -0.016 0.591 -0.032 0.89 -0.05
0.294 -0.017 0.59 -0.036 0.889 -0.055
0.294 -0.019 0.59 -0.039 0.889 -0.06
0.294 -0.02 0.59 -0.042 0.889 -0.064
0.294 -0.022 0.59 -0.045 0.889 -0.068
0.294 -0.023 0.59 -0.047 0.888 -0.072
0.294 -0.025 0.59 -0.05 0.888 -0.076
0.294 -0.026 0.589 -0.052 0.888 -0.08
0.293 -0.027 0.589 -0.055 0.887 -0.083
0.293 -0.028 0.589 -0.057 0.887 -0.087
0.293 -0.029 0.589 -0.059 0.887 -0.09
0.293 -0.03 0.589 -0.061 0.886 -0.093
0.004 0 0.008 -0 0.012 -0
0.004 -0 0.008 -0 0.012 -0.001
0.004 -0 0.008 -0.001 0.012 -0.001
0.004 -0 0.008 -0.001 0.012 -0.001
0.004 -0 0.008 -0.001 0.012 -0.002
0.004 -0.001 0.008 -0.001 0.012 -0.002
0.004 -0.001 0.008 -0.002 0.012 -0.002
0.004 -0.001 0.008 -0.002 0.011 -0.003
0.004 -0.001 0.008 -0.002 0.011 -0.003
0.004 -0.001 0.008 -0.002 0.011 -0.003
0.004 -0.001 0.007 -0.002 0.011 -0.004
0.004 -0.001 0.007 -0.003 0.011 -0.004
0.004 -0.001 0.007 -0.003 0.011 -0.005
0.004 -0.002 0.007 -0.003 0.011 -0.005
0.004 -0.002 0.007 -0.003 0.011 -0.005
0.003 -0.002 0.007 -0.004 0.01 -0.006
0.003 -0.002 0.007 -0.004 0.01 -0.006
0.003 -0.002 0.007 -0.004 0.01 -0.006
0.003 -0.002 0.007 -0.004 0.01 -0.006
0.003 -0.002 0.006 -0.004 0.01 -0.007
0.003 -0.002 0.006 -0.005 0.009 -0.007
0.003 -0.002 0.006 -0.005 0.009 -0.007
0.003 -0.003 0.006 -0.005 0.009 -0.008
0.003 -0.003 0.006 -0.005 0.009 -0.008
0.003 -0.003 0.006 -0.005 0.008 -0.008
0.003 -0.003 0.006 -0.006 0.008 -0.008
0.003 -0.003 0.005 -0.006 0.008 -0.009
0.003 -0.003 0.005 -0.006 0.008 -0.009
0.003 -0.003 0.005 -0.006 0.007 -0.009
0.002 -0.003 0.005 -0.006 0.007 -0.009
0.002 -0.003 0.005 -0.006 0.007 -0.01
0.002 -0.003 0.004 -0.007 0.006 -0.01
0.002 -0.003 0.004 -0.007 0.006 -0.01
0.002 -0.003 0.004 -0.007 0.006 -0.01
0.002 -0.003 0.004 -0.007 0.006 -0.01
0.002 -0.003 0.004 -0.007 0.005 -0.011
0.002 -0.004 0.003 -0.007 0.005 -0.011
0.002 -0.004 0.003 -0.007 0.005 -0.011
0.001 -0.004 0.003 -0.007 0.004 -0.011
0.001 -0.004 0.003 -0.007 0.004 -0.011
0.001 -0.004 0.002 -0.007 0.003 -0.011
0.001 -0.004 0.002 -0.008 0.003 -0.011
0.001 -0.004 0.002 -0.008 0.003 -0.011
0.001 -0.004 0.002 -0.008 0.002 -0.012
0.001 -0.004 0.001 -0.008 0.002 -0.012
0.001 -0.004 0.001 -0.008 0.002 -0.012
0 -0.004 0.001 -0.008 0.001 -0.012
0 -0.004 0.001 -0.008 0.001 -0.012
0 -0.004 0 -0.008 0.001 -0.012
0 -0.004 0 -0.008 0 -0.012
0 -0.004 -0 -0.008 -0 -0.012
-0 -0.004 -0 -0.008 -0.001 -0.012
-0 -0.004 -0.001 -0.008 -0.001 -0.012
-0 -0.004 -0.001 -0.008 -0.001 -0.012
-0 -0.004 -0.001 -0.008 -0.002 -0.012
-0.001 -0.004 -0.001 -0.008 -0.002 -0.012
-0.001 -0.004 -0.002 -0.008 -0.002 -0.012
-0.001 -0.004 -0.002 -0.008 -0.003 -0.011
-0.001 -0.004 -0.002 -0.008 -0.003 -0.011
-0.001 -0.004 -0.002 -0.008 -0.003 -0.011
-0.001 -0.004 -0.002 -0.007 -0.004 -0.011
-0.001 -0.004 -0.003 -0.007 -0.004 -0.011
-0.001 -0.004 -0.003 -0.007 -0.005 -0.011
-0.002 -0.004 -0.003 -0.007 -0.005 -0.011
-0.002 -0.004 -0.003 -0.007 -0.005 -0.011
-0.002 -0.003 -0.004 -0.007 -0.006 -0.01
-0.002 -0.003 -0.004 -0.007 -0.006 -0.01
-0.002 -0.003 -0.004 -0.007 -0.006 -0.01
-0.002 -0.003 -0.004 -0.007 -0.006 -0.01
-0.002 -0.003 -0.004 -0.006 -0.007 -0.01
-0.002 -0.003 -0.005 -0.006 -0.007 -0.009
-0.002 -0.003 -0.005 -0.006 -0.007 -0.009
-0.003 -0.003 -0.005 -0.006 -0.008 -0.009
-0.003 -0.003 -0.005 -0.006 -0.008 -0.009
-0.003 -0.003 -0.005 -0.006 -0.008 -0.008
-0.003 -0.003 -0.006 -0.006 -0.008 -0.008
-0.003 -0.003 -0.006 -0.005 -0.009 -0.008
-0.003 -0.003 -0.006 -0.005 -0.009 -0.008
-0.003 -0.003 -0.006 -0.005 -0.009 -0.007
-0.003 -0.002 -0.006 -0.005 -0.009 -0.007
-0.003 -0.002 -0.006 -0.005 -0.01 -0.007
-0.003 -0.002 -0.007 -0.004 -0.01 -0.006
-0.003 -0.002 -0.007 -0.004 -0.01 -0.006
-0.003 -0.002 -0.007 -0.004 -0.01 -0.006
-0.003 -0.002 -0.007 -0.004 -0.01 -0.006
-0.003 -0.002 -0.007 -0.004 -0.011 -0.005
-0.004 -0.002 -0.007 -0.003 -0.011 -0.005
-0.004 -0.002 -0.007 -0.003 -0.011 -0.005
-0.004 -0.001 -0.007 -0.003 -0.011 -0.004
-0.004 -0.001 -0.007 -0.003 -0.011 -0.004
-0.004 -0.001 -0.007 -0.002 -0.011 -0.003
-0.004 -0.001 -0.008 -0.002 -0.011 -0.003
-0.004 -0.001 -0.008 -0.002 -0.011 -0.003
-0.004 -0.001 -0.008 -0.002 -0.012 -0.002
-0.004 -0.001 -0.008 -0.001 -0.012 -0.002
-0.004 -0.001 -0.008 -0.001 -0.012 -0.002
-0.004 -0 -0.008 -0.001 -0.012 -0.001
-0.004 -0 -0.008 -0.001 -0.012 -0.001
-0.004 -0 -0.008 -0 -0.012 -0.001
-0.004 -0 -0.008 -0 -0.012 -0
-0.306 0.012 -0.61 0.025 -0.914 0.037
-0.306 0.012 -0.61 0.024 -0.914 0.036
-0.306 0.012 -0.61 0.024 -0.914 0.036
-0.306 0.012 -0.61 0.023 -0.914 0.035
-0.306 0.011 -0.61 0.022 -0.914 0.033
-0.306 0.011 -0.61 0.021 -0.914 0.032
-0.306 0.01 -0.61 0.02 -0.914 0.03
-0.306 0.01 -0.611 0.019 -0.914 0.027
-0.306 0.009 -0.611 0.017 -0.914 0.024
-0.306 0.008 -0.611 0.015 -0.914 0.021
-0.306 0.007 -0.611 0.012 -0.914 0.018
-0.306 0.005 -0.611 0.01 -0.915 0.014
-0.306 0.004 -0.611 0.007 -0.915 0.009
-0.306 0.002 -0.611 0.004 -0.915 0.004
-0.306 0.001 -0.611 0 -0.915 -0.001
-0.306 -0.001 -0.611 -0.004 -0.915 -0.007
-0.306 -0.003 -0.611 -0.008 -0.915 -0.014
-0.306 -0.006 -0.611 -0.013 -0.914 -0.021
-0.306 -0.008 -0.611 -0.018 -0.914 -0.029
-0.306 -0.011 -0.611 -0.023 -0.914 -0.037
-0.306 -0.014 -0.61 -0.029 -0.913 -0.046
-0.306 -0.017 -0.61 -0.035 -0.913 -0.056
-0.306 -0.02 -0.61 -0.042 -0.912 -0.066
-0.305 -0.024 -0.609 -0.05 -0.911 -0.077
-0.305 -0.028 -0.609 -0.058 -0.91 -0.089
-0.305 -0.032 -0.608 -0.066 -0.909 -0.102
-0.304 -0.036 -0.607 -0.075 -0.907 -0.116
-0.304 -0.041 -0.605 -0.085 -0.905 -0.131
-0.303 -0.046 -0.604 -0.095 -0.903 -0.146
-0.302 -0.052 -0.602 -0.106 -0.9 -0.163
-0.301 -0.057 -0.6 -0.118 -0.897 -0.181
-0.3 -0.064 -0.597 -0.13 -0.893 -0.199
-0.298 -0.07 -0.594 -0.143 -0.888 -0.219
-0.296 -0.077 -0.591 -0.156 -0.883 -0.239
-0.294 -0.084 -0.587 -0.171 -0.877 -0.261
-0.292 -0.091 -0.582 -0.185 -0.87 -0.284
-0.289 -0.099 -0.577 -0.201 -0.862 -0.307
-0.286 -0.107 -0.571 -0.217 -0.852 -0.331
-0.283 -0.115 -0.564 -0.233 -0.842 -0.356
-0.279 -0.123 -0.556 -0.25 -0.831 -0.382
-0.275 -0.132 -0.548 -0.268 -0.819 -0.408
-0.271 -0.14 -0.539 -0.285 -0.805 -0.434
-0.266 -0.149 -0.529 -0.303 -0.79 -0.461
-0.26 -0.158 -0.518 -0.32 -0.774 -0.487
-0.255 -0.167 -0.507 -0.338 -0.757 -0.514
-0.249 -0.175 -0.495 -0.355 -0.739 -0.539
-0.242 -0.183 -0.482 -0.372 -0.719 -0.565
-0.236 -0.192 -0.469 -0.388 -0.699 -0.589
-0.229 -0.199 -0.455 -0.404 -0.679 -0.613
-0.222 -0.207 -0.441 -0.419 -0.658 -0.636
